function [ UVs, XY ] = get_briefcase_coords()
%GET_BRIEFCASE_COORDS Summary of this function goes here
%   Detailed explanation goes here

UVs = cell(36, 1);

% No data for {1} to {13}.
UVs{14} = [[317, 47]', [418, 14]', [439, 129]', [331, 154]']';
UVs{15} = [[323, 107]',[428, 94]', [428, 217]', [324, 220]']';
UVs{16} = [[323, 179]',[423, 200]', [391, 311]', [295, 284]']';
UVs{17} = [[321, 227]',[417, 253]', [381, 360]', [290, 327]']';
UVs{18} = [[321, 220]',[419, 224]', [408, 335]', [314, 324]']';
UVs{19} = [[323, 213]',[419, 201]', [423, 310]', [325, 314]']';
UVs{20} = [[315, 209]',[405, 178]', [430, 283]', [333, 306]']';
UVs{21} = [[316, 257]',[410, 233]', [425, 344]', [334, 357]']';
UVs{22} = [[317, 319]',[418, 312]', [429, 423]', [330, 425]']';
UVs{23} = [[325, 385]',[428, 396]', [422, 507]', [323, 490]']';
UVs{24} = [[328, 455]',[423, 491]', [391, 597]', [298, 554]']';
% No data for {25}.
UVs{26} = [[325, 467]',[421, 479]', [419, 590]', [324, 570]']';
UVs{27} = [[319, 452]',[408, 445]', [421, 558]', [332, 559]']';
UVs{28} = [[313, 481]',[402, 464]', [427, 575]', [336, 585]']';
% No data for {29} to {36}.


XY = [[1, 1]', [480, 1]', [480, 640]', [1, 640]']';

end

